1.000000000000000000e+00 6.065306597126334243e-01 1.353352832366127023e-01 1.110899653824230608e-02 3.354626279025118532e-04 3.726653172078670938e-06 1.522997974471262915e-08 2.289734845645552983e-11 1.266416554909417554e-14 2.576757109154981043e-18 1.928749847963917821e-22 5.311092249679095210e-27 5.380186160021138245e-32 2.005008781961654071e-37 2.748785007910214747e-43
6.065306597126334243e-01 1.000000000000000000e+00 6.065306597126334243e-01 1.353352832366127023e-01 1.110899653824230608e-02 3.354626279025118532e-04 3.726653172078670938e-06 1.522997974471262915e-08 2.289734845645552983e-11 1.266416554909417554e-14 2.576757109154981043e-18 1.928749847963917821e-22 5.311092249679095210e-27 5.380186160021138245e-32 2.005008781961654071e-37
1.353352832366127023e-01 6.065306597126334243e-01 1.000000000000000000e+00 6.065306597126334243e-01 1.353352832366127023e-01 1.110899653824230608e-02 3.354626279025118532e-04 3.726653172078670938e-06 1.522997974471262915e-08 2.289734845645552983e-11 1.266416554909417554e-14 2.576757109154981043e-18 1.928749847963917821e-22 5.311092249679095210e-27 5.380186160021138245e-32
1.110899653824230608e-02 1.353352832366127023e-01 6.065306597126334243e-01 1.000000000000000000e+00 6.065306597126334243e-01 1.353352832366127023e-01 1.110899653824230608e-02 3.354626279025118532e-04 3.726653172078670938e-06 1.522997974471262915e-08 2.289734845645552983e-11 1.266416554909417554e-14 2.576757109154981043e-18 1.928749847963917821e-22 5.311092249679095210e-27
3.354626279025118532e-04 1.110899653824230608e-02 1.353352832366127023e-01 6.065306597126334243e-01 1.000000000000000000e+00 6.065306597126334243e-01 1.353352832366127023e-01 1.110899653824230608e-02 3.354626279025118532e-04 3.726653172078670938e-06 1.522997974471262915e-08 2.289734845645552983e-11 1.266416554909417554e-14 2.576757109154981043e-18 1.928749847963917821e-22
3.726653172078670938e-06 3.354626279025118532e-04 1.110899653824230608e-02 1.353352832366127023e-01 6.065306597126334243e-01 1.000000000000000000e+00 6.065306597126334243e-01 1.353352832366127023e-01 1.110899653824230608e-02 3.354626279025118532e-04 3.726653172078670938e-06 1.522997974471262915e-08 2.289734845645552983e-11 1.266416554909417554e-14 2.576757109154981043e-18
1.522997974471262915e-08 3.726653172078670938e-06 3.354626279025118532e-04 1.110899653824230608e-02 1.353352832366127023e-01 6.065306597126334243e-01 1.000000000000000000e+00 6.065306597126334243e-01 1.353352832366127023e-01 1.110899653824230608e-02 3.354626279025118532e-04 3.726653172078670938e-06 1.522997974471262915e-08 2.289734845645552983e-11 1.266416554909417554e-14
2.289734845645552983e-11 1.522997974471262915e-08 3.726653172078670938e-06 3.354626279025118532e-04 1.110899653824230608e-02 1.353352832366127023e-01 6.065306597126334243e-01 1.000000000000000000e+00 6.065306597126334243e-01 1.353352832366127023e-01 1.110899653824230608e-02 3.354626279025118532e-04 3.726653172078670938e-06 1.522997974471262915e-08 2.289734845645552983e-11
1.266416554909417554e-14 2.289734845645552983e-11 1.522997974471262915e-08 3.726653172078670938e-06 3.354626279025118532e-04 1.110899653824230608e-02 1.353352832366127023e-01 6.065306597126334243e-01 1.000000000000000000e+00 6.065306597126334243e-01 1.353352832366127023e-01 1.110899653824230608e-02 3.354626279025118532e-04 3.726653172078670938e-06 1.522997974471262915e-08
2.576757109154981043e-18 1.266416554909417554e-14 2.289734845645552983e-11 1.522997974471262915e-08 3.726653172078670938e-06 3.354626279025118532e-04 1.110899653824230608e-02 1.353352832366127023e-01 6.065306597126334243e-01 1.000000000000000000e+00 6.065306597126334243e-01 1.353352832366127023e-01 1.110899653824230608e-02 3.354626279025118532e-04 3.726653172078670938e-06
1.928749847963917821e-22 2.576757109154981043e-18 1.266416554909417554e-14 2.289734845645552983e-11 1.522997974471262915e-08 3.726653172078670938e-06 3.354626279025118532e-04 1.110899653824230608e-02 1.353352832366127023e-01 6.065306597126334243e-01 1.000000000000000000e+00 6.065306597126334243e-01 1.353352832366127023e-01 1.110899653824230608e-02 3.354626279025118532e-04
5.311092249679095210e-27 1.928749847963917821e-22 2.576757109154981043e-18 1.266416554909417554e-14 2.289734845645552983e-11 1.522997974471262915e-08 3.726653172078670938e-06 3.354626279025118532e-04 1.110899653824230608e-02 1.353352832366127023e-01 6.065306597126334243e-01 1.000000000000000000e+00 6.065306597126334243e-01 1.353352832366127023e-01 1.110899653824230608e-02
5.380186160021138245e-32 5.311092249679095210e-27 1.928749847963917821e-22 2.576757109154981043e-18 1.266416554909417554e-14 2.289734845645552983e-11 1.522997974471262915e-08 3.726653172078670938e-06 3.354626279025118532e-04 1.110899653824230608e-02 1.353352832366127023e-01 6.065306597126334243e-01 1.000000000000000000e+00 6.065306597126334243e-01 1.353352832366127023e-01
2.005008781961654071e-37 5.380186160021138245e-32 5.311092249679095210e-27 1.928749847963917821e-22 2.576757109154981043e-18 1.266416554909417554e-14 2.289734845645552983e-11 1.522997974471262915e-08 3.726653172078670938e-06 3.354626279025118532e-04 1.110899653824230608e-02 1.353352832366127023e-01 6.065306597126334243e-01 1.000000000000000000e+00 6.065306597126334243e-01
2.748785007910214747e-43 2.005008781961654071e-37 5.380186160021138245e-32 5.311092249679095210e-27 1.928749847963917821e-22 2.576757109154981043e-18 1.266416554909417554e-14 2.289734845645552983e-11 1.522997974471262915e-08 3.726653172078670938e-06 3.354626279025118532e-04 1.110899653824230608e-02 1.353352832366127023e-01 6.065306597126334243e-01 1.000000000000000000e+00
